encoding utf-8
symbol point
name bedding_slab
th_name bedding-slab
group blocks
sketch_affine yes
sketch_occlude breakdown
sketch_stroke_scale 1
orientation yes
color 0xffffff
path
  moveTo 8.501 -4.78
  cubicTo 8.555 -4.424 8.537 -4.175 8.715 -3.89
  cubicTo 8.911 -3.57 8.929 -2.893 8.875 -2.252
  cubicTo 9 -1.504 8.982 -0.864 8.769 -0.205
  cubicTo 8.448 0.774 7.95 1.629 7.326 2.377
  cubicTo 6.65 3.214 6.027 3.926 5.065 4.282
  cubicTo 3.409 4.549 1.326 4.709 -0.632 4.798
  cubicTo -2.359 4.887 -4.175 4.674 -5.849 4.407
  cubicTo -6.935 4.264 -7.789 3.979 -8.288 3.552
  cubicTo -8.626 3.249 -8.715 2.822 -8.733 2.306
  cubicTo -8.733 1.718 -8.769 1.202 -8.911 0.721
  cubicTo -9 0.418 -8.947 0.151 -8.84 -0.169
  cubicTo -8.786 -0.614 -8.84 -1.006 -8.733 -1.451
  cubicTo -8.484 -2.234 -8.074 -2.875 -7.487 -3.427
  cubicTo -6.917 -3.908 -6.08 -4.3 -5.243 -4.585
  cubicTo -4.175 -4.371 -3.178 -4.228 -2.092 -4.282
  cubicTo 0.062 -4.335 2.306 -4.602 4.513 -4.834
  cubicTo 5.332 -4.887 6.08 -4.745 6.881 -4.78
  cubicTo 7.433 -4.798 7.985 -4.78 8.501 -4.78
  moveTo -8.733 -0.49
  cubicTo -8.733 0.953 -8.626 2.555 -8.092 3.338
  cubicTo -6.668 3.855 -4.869 4.139 -3.036 4.193
  cubicTo -1.113 4.211 0.81 3.961 2.733 3.783
  cubicTo 4.193 3.677 5.457 3.57 6.312 3.036
  cubicTo 7.54 2.181 8.359 0.846 8.786 -0.579
  cubicTo 8.982 -1.22 8.893 -1.789 8.858 -2.217
endpath
detail_path 0.25
  moveTo -8.519 2.056
  cubicTo -8.501 2.804 -8.359 3.303 -7.95 3.605
  cubicTo -6.436 4.104 -4.638 4.442 -2.733 4.513
  cubicTo -0.97 4.531 0.846 4.211 2.697 4.068
  cubicTo 4.282 3.944 5.564 3.855 6.543 3.231
  cubicTo 7.682 2.448 8.484 1.22 8.911 -0.098
  moveTo -8.234 2.893
  cubicTo -8.163 3.374 -7.985 3.694 -7.558 3.89
  moveTo -7.95 3.57
  cubicTo -7.451 3.872 -6.988 4.068 -6.347 4.175
  moveTo -6.543 3.766
  cubicTo -5.991 3.961 -5.475 4.175 -5.03 4.424
  moveTo -5.528 3.694
  cubicTo -4.869 3.89 -4.211 4.193 -3.605 4.424
  moveTo -4.157 3.89
  cubicTo -3.588 3.997 -3.053 4.211 -2.662 4.407
  moveTo -1.95 4.3
  cubicTo -1.077 4.246 -0.24 4.086 0.596 4.033
  moveTo -0.062 3.819
  cubicTo 0.65 3.855 1.362 3.801 2.092 3.766
  moveTo 2.056 3.659
  cubicTo 2.964 3.677 3.837 3.623 4.691 3.588
  moveTo 3.285 3.089
  cubicTo 4.193 3.125 5.119 3.107 5.92 2.84
  moveTo 5.902 2.573
  cubicTo 6.507 2.27 7.006 1.896 7.451 1.415
enddetail_path
endsymbol
