encoding utf-8
symbol point
name folia
th_name folia
group aragonite
orientation yes
color 0xffffff
path
  moveTo -11.114 -1.53
  cubicTo -8.496 -4.25 -6.436 -4.182 -5.784 -4.114
  cubicTo -4.343 -3.953 -2.97 -2.801 -0.275 -0.504
  cubicTo 2.047 1.487 2.106 1.894 2.987 2.25
  cubicTo 4.479 2.852 6.953 2.767 11.25 -0.504
  moveTo -1.081 -0.606
  cubicTo -1.513 -0.335 -4.343 1.284 -6.818 0.784
  cubicTo -8.97 0.352 -10.742 -1.097 -11.114 -1.53
  moveTo 11.25 -0.504
  cubicTo 10.919 -0.216 8.157 1.25 4.919 0.784
  cubicTo 1.818 0.335 -2.86 -2.462 -3.123 -2.835
  moveTo -9.801 -2.233
  cubicTo -9.496 -1.979 -7.843 -0.614 -5.496 -0.86
  cubicTo -3.877 -1.038 -2.801 -1.886 -2.403 -2.233
  moveTo -3.665 0.886
  cubicTo -2.665 1.369 -1.199 1.919 0.631 2.089
  cubicTo 1.47 2.165 2.225 2.148 2.869 2.089
  moveTo -5.784 -4.114
  cubicTo -4.53 -4.487 -0.14 -5.725 1.445 -4.877
  cubicTo 3.242 -3.919 3.326 -2.225 5.055 -1.097
  cubicTo 6.047 -0.445 7.742 0.123 10.733 -0.581
  moveTo -11.114 -1.53
  cubicTo -10.843 0.504 -11.25 2.292 -10.775 3.233
  cubicTo -10.148 4.453 -9.708 5.275 -8.877 5.47
  cubicTo -7.818 5.725 -6.75 4.784 -5.784 3.919
  cubicTo -4.725 2.979 -4.081 1.996 -3.716 1.343
  moveTo -10.301 -0.826
  cubicTo -10.682 0.479 -9.326 2.03 -8.547 2.538
  cubicTo -7.674 3.123 -9.801 2.538 -7.843 2.894
  cubicTo -6.75 3.089 -5.157 1.225 -4.784 0.784
endpath
endsymbol
