encoding utf-8
symbol point
name cave-pearl
th_name cave-pearl
group mineral
orientation yes
color 0xffffff
style fill
path
  moveTo 1.381 -6.307
  cubicTo 3.353 -6.307 4.953 -4.707 4.953 -2.734
  cubicTo 4.953 -0.762 3.353 0.827 1.381 0.827
  cubicTo -0.592 0.827 -2.192 -0.762 -2.192 -2.734
  cubicTo -2.192 -4.707 -0.592 -6.307 1.381 -6.307
  moveTo 1.381 -6.307
  cubicTo 3.353 -6.307 4.953 -4.707 4.953 -2.734
  cubicTo 4.953 -0.762 3.353 0.827 1.381 0.827
  cubicTo -0.592 0.827 -2.192 -0.762 -2.192 -2.734
  cubicTo -2.192 -4.707 -0.592 -6.307 1.381 -6.307
  lineTo 1.381 -6.307
  moveTo 1.381 -6.307
  moveTo -4.427 -3.962
  cubicTo -2.455 -3.962 -0.866 -2.362 -0.866 -0.389
  cubicTo -0.866 1.573 -2.455 3.173 -4.427 3.173
  cubicTo -6.4 3.173 -8 1.573 -8 -0.389
  cubicTo -8 -2.362 -6.4 -3.962 -4.427 -3.962
  moveTo -4.427 -3.962
  cubicTo -2.455 -3.962 -0.866 -2.362 -0.866 -0.389
  cubicTo -0.866 1.573 -2.455 3.173 -4.427 3.173
  cubicTo -6.4 3.173 -8 1.573 -8 -0.389
  cubicTo -8 -2.362 -6.4 -3.962 -4.427 -3.962
  lineTo -4.427 -3.962
  moveTo -4.427 -3.962
  moveTo 4.438 -0.827
  cubicTo 6.411 -0.827 8 0.773 8 2.745
  cubicTo 8 4.718 6.411 6.307 4.438 6.307
  cubicTo 2.466 6.307 0.866 4.718 0.866 2.745
  cubicTo 0.866 0.773 2.466 -0.827 4.438 -0.827
  moveTo 4.438 -0.827
  cubicTo 6.411 -0.827 8 0.773 8 2.745
  cubicTo 8 4.718 6.411 6.307 4.438 6.307
  cubicTo 2.466 6.307 0.866 4.718 0.866 2.745
  cubicTo 0.866 0.773 2.466 -0.827 4.438 -0.827
  lineTo 4.438 -0.827
  moveTo 4.438 -0.827
  moveTo -4.066 -2.219
  cubicTo -3.233 -2.088 -2.4 -1.31 -2.477 -0.236
  moveTo 4.811 0.915
  cubicTo 5.633 1.058 6.477 1.836 6.389 2.91
  moveTo 1.753 -4.564
  cubicTo 2.575 -4.433 3.419 -3.655 3.332 -2.57
endpath
endsymbol
